version https://git-lfs.github.com/spec/v1
oid sha256:31f08ee3c32deef4e4dd592ae2ee22ebcbc86da112391f1b3637561cb12c50f4
size 17446
