version https://git-lfs.github.com/spec/v1
oid sha256:69e7efce1e918d4a9f09ebc6a4e2175d9b4c06764f7582d5bfa5599c493581f2
size 11945
