version https://git-lfs.github.com/spec/v1
oid sha256:df6e913b827fcaec086f55d887299091abba97a7fbd48b6f396809f9110c61a7
size 22122
