version https://git-lfs.github.com/spec/v1
oid sha256:3664c258fff732504265486bfbbb6078931f214bed57b42a789c84a88029eaa5
size 11581
