version https://git-lfs.github.com/spec/v1
oid sha256:e4bf5ca5e460618f0f9fd720837b5216110432d62ac6fd1b1c0eab30ad4d57a9
size 16652
